52,123
33,100
69,35
19,2
19,1
19,3
18,1
18,3
14,1
14,4
14,3
13,1
13,3
2,2
64,7
64,6
64,5
64,4
64,3
64,2
64,1
64,0
63,5
63,4
63,3
63,2
63,1
63,0
62,11
62,10
62,9
62,8
62,7
62,6
62,5
62,4
62,3
62,2
62,1
62,0
61,4
61,3
61,2
61,1
61,0
60,8
60,7
60,6
60,5
60,4
60,3
60,2
60,1
60,0
59,5
59,4
59,3
59,2
59,1
59,0
58,4
58,3
58,2
58,1
58,0
57,5
57,4
57,3
57,2
57,1
57,0
56,5
56,4
56,3
56,2
56,1
56,0
55,5
55,1
52,122
52,121
52,120
52,119
52,118
52,117
52,116
52,115
52,114
52,113
52,112
52,111
52,110
52,109
52,108
52,107
52,106
52,105
52,104
52,103
52,102
52,101
52,100
52,99
52,98
52,97
52,96
52,95
52,94
52,93
52,92
52,91
52,90
52,89
52,88
52,87
52,86
52,85
52,84
52,83
52,82
52,81
52,80
52,79
52,78
52,77
52,76
52,75
52,74
52,73
52,72
52,71
52,70
52,69
52,68
52,67
52,66
52,65
52,64
52,37
52,36
52,35
52,34
52,33
52,32
52,1
40,81
40,80
40,79
40,78
40,77
40,76
40,75
40,74
40,73
40,72
40,71
40,70
40,69
40,68
40,67
11,29
11,28
